#Epoch  Link[0]   Link[1]   Link[2]   Link[3]   HMC bandwidth
1       0.357628  0.357628  0.357628  0.351667  1.42455   
2       0.339746  0.786781  0.566244  0.560284  2.25306   
3       0         1.14441   0.572205  0.572205  2.29478   
4       0         1.15037   0.572205  0.578165  2.29478   
5       0         1.14441   0.572205  0.572205  2.28882   
6       0         1.15037   0.578165  0.572205  2.28882   
7       0         1.14441   0.572205  0.572205  2.30074   
8       0         1.14441   0.572205  0.572205  2.28882   
9       0         1.14441   0.572205  0.572205  2.28882   
